=== 1. Uncut relaxation + qz projection on validation: where are the errors? ===
steps 720, wrong 29
  frac(z_relax) in [0.00,0.05):   27 steps,   0 wrong
  frac(z_relax) in [0.05,0.20):   58 steps,   0 wrong
  frac(z_relax) in [0.20,0.35):  101 steps,   0 wrong
  frac(z_relax) in [0.35,0.45):   58 steps,   4 wrong
  frac(z_relax) in [0.45,0.55):   87 steps,  20 wrong
  frac(z_relax) in [0.55,0.65):   77 steps,   5 wrong
  frac(z_relax) in [0.65,0.80):  118 steps,   0 wrong
  frac(z_relax) in [0.80,0.95):   93 steps,   0 wrong
  frac(z_relax) in [0.95,1.00):  101 steps,   0 wrong
near-tie steps (|frac-0.5|<0.15): 222 (31%); projection accuracy on them 86.9%; wrong steps outside near-ties: 0
net mode count error sum(zq - zref) per instance: mean +0.46 (#neg 1, #pos 8, #zero 15)
integrality gap (ref - relax)/ref on val: 1.937%; uncut+round/repair |gap| 0.6449%

=== 2. Training runs: per-epoch validation diagnostics ===

-- train_w0_d0.25_s0.json  (w_int=0.0, seed=0)
 ep fails dep_cost |gap|% ham  int_pen nfrac act% val_obj  g_int/g_cost g_cos soft-vs-qz
 -1    0  1.02128  0.147 1.67   14.84 27.79  100  1.01170     12.2  -0.12   3.83
  0    0  1.02102  0.122 1.46   14.79 27.79  100  1.01143     12.2  -0.09   3.82
  1    0  1.02098  0.118 1.38   14.82 27.71  100  1.01128     12.1  -0.06   3.83
  2    0  1.02099  0.119 1.38   14.87 27.67  100  1.01104     12.0  -0.08   3.84
  3    0  1.02087  0.108 1.33   14.97 27.67   99  1.01076     12.3  -0.09   3.86
  4    0  1.02083  0.103 1.54   15.02 27.67   99  1.01053     13.5  -0.12   3.87
  5    0  1.02068  0.088 1.33   15.03 27.58   95  1.01023     14.3  -0.15   3.88
  6    0  1.02063  0.083 1.54   14.98 27.54   86  1.00996     13.5  -0.08   3.88
  7    0  1.02077  0.098 1.67   14.93 27.54   89  1.00989     15.3  -0.06   3.83
  8    0  1.02085  0.105 1.83   14.82 27.67   92  1.00984     16.0  -0.05   3.77
  9    0  1.02095  0.115 1.75   14.81 27.62   93  1.01080     13.7  +0.02   3.81
 10    0  1.02092  0.112 1.75   14.81 27.67   96  1.01086     14.2  +0.02   3.80
 11    0  1.02092  0.112 1.75   14.81 27.58   94  1.01082     13.7  +0.08   3.83
 12    0  1.02116  0.136 2.08   14.80 27.58   94  1.01110     13.5  +0.16   3.88
 13    0  1.02126  0.146 2.12   14.79 27.58   94  1.01114     13.4  +0.18   3.84
 14    0  1.02120  0.140 1.96   14.78 27.58   94  1.01111     13.9  +0.16   3.85
 15    0  1.02088  0.109 1.75   14.77 27.58   94  1.01133     14.7  +0.19   3.86
 16    0  1.02110  0.130 1.83   14.76 27.58   93  1.01131     14.8  +0.17   3.89
 17    0  1.02105  0.125 1.83   14.75 27.58   94  1.01134     14.8  +0.16   3.85
 18    0  1.02111  0.131 1.88   14.75 27.54   94  1.01137     14.8  +0.15   3.83
 19    0  1.02116  0.136 1.88   14.74 27.58   93  1.01138     14.3  +0.16   3.88
 20    0  1.02126  0.146 1.92   14.74 27.58   93  1.01138     14.4  +0.16   3.86
 21    0  1.02115  0.135 1.88   14.74 27.58   93  1.01139     14.4  +0.16   3.84
 22    0  1.02120  0.140 1.96   14.74 27.58   93  1.01139     14.4  +0.16   3.84
 23    0  1.02120  0.140 1.96   14.74 27.58   93  1.01139     14.4  +0.16   3.84
 24    0  1.02120  0.140 1.96   14.74 27.58   93  1.01139     14.4  +0.16   3.84
spearman over epochs (val training objective, val deployed cost) = +0.75; (train objective, val deployed) = -0.68; label-free selection -> ep6 |gap| 0.0835%

-- train_w0_d0.25_s1.json  (w_int=0.0, seed=1)
 ep fails dep_cost |gap|% ham  int_pen nfrac act% val_obj  g_int/g_cost g_cos soft-vs-qz
 -1    0  1.02156  0.176 1.71   14.97 27.71  100  1.01120     13.8  -0.11   3.80
  0    0  1.02134  0.154 1.54   15.01 27.71  100  1.01116     13.0  -0.10   3.82
  1    0  1.02104  0.124 1.42   15.04 27.67   98  1.01081     12.2  -0.09   3.85
  2    0  1.02081  0.102 1.21   15.00 27.62   97  1.01043     13.0  +0.01   3.85
  3    0  1.02085  0.106 1.38   14.93 27.62  100  1.01005     13.8  +0.07   3.84
  4    0  1.02094  0.115 1.50   14.82 27.54  100  1.00979     15.7  +0.03   3.84
  5    0  1.02114  0.134 1.79   14.77 27.50  100  1.01002     16.7  -0.04   3.89
  6    0  1.02128  0.148 1.92   14.65 27.46  100  1.01051     15.7  +0.11   3.86
  7    0  1.02145  0.164 2.12   14.80 27.50  100  1.01086     16.2  +0.17   3.89
  8    0  1.02133  0.152 2.00   14.62 27.50  100  1.01088     14.6  +0.10   3.79
  9    0  1.02148  0.167 2.25   14.67 27.46  100  1.01135     14.5  +0.21   3.86
 10    0  1.02168  0.187 2.38   14.62 27.33  100  1.01137     14.6  +0.22   3.87
 11    0  1.02159  0.178 2.38   14.51 27.42  100  1.01102     13.2  +0.13   3.81
 12    0  1.02168  0.186 2.50   14.60 27.42  100  1.01106     13.0  +0.18   3.82
 13    0  1.02181  0.199 2.42   14.57 27.46  100  1.01109     11.8  +0.15   3.81
 14    0  1.02201  0.219 2.54   14.62 27.42  100  1.01143     12.4  +0.12   3.82
 15    0  1.02189  0.207 2.50   14.60 27.46  100  1.01118     11.8  +0.14   3.81
 16    0  1.02174  0.193 2.46   14.63 27.42  100  1.01121     11.9  +0.15   3.81
 17    0  1.02174  0.193 2.46   14.60 27.42  100  1.01165     11.8  +0.06   3.82
 18    0  1.02177  0.195 2.46   14.60 27.42  100  1.01164     11.9  +0.06   3.81
 19    0  1.02179  0.197 2.42   14.63 27.42  100  1.01166     12.0  +0.07   3.81
 20    0  1.02184  0.202 2.46   14.64 27.42  100  1.01168     12.0  +0.07   3.81
 21    0  1.02197  0.215 2.50   14.63 27.42  100  1.01201     11.9  +0.04   3.82
 22    0  1.02197  0.215 2.50   14.62 27.42  100  1.01169     11.9  +0.06   3.81
 23    0  1.02197  0.215 2.50   14.62 27.42  100  1.01169     11.9  +0.06   3.81
 24    0  1.02197  0.215 2.50   14.62 27.42  100  1.01169     11.9  +0.06   3.81
spearman over epochs (val training objective, val deployed cost) = +0.88; (train objective, val deployed) = -0.77; label-free selection -> ep2 |gap| 0.1017%

-- train_w5_d0.25_s0.json  (w_int=5.0, seed=0)
 ep fails dep_cost |gap|% ham  int_pen nfrac act% val_obj  g_int/g_cost g_cos soft-vs-qz
 -1    0  1.02128  0.147 1.67   14.84 27.79  100  1.43412     12.2  -0.12   3.83
  0    0  1.02102  0.122 1.54   14.68 27.75  100  1.42931     12.2  -0.10   3.80
  1    0  1.02090  0.110 1.58   14.50 27.62  100  1.42319     13.9  -0.12   3.74
  2    0  1.02081  0.102 1.79   14.26 27.46  100  1.41673     15.5  +0.14   3.74
  3    0  1.02068  0.089 1.88   13.88 27.29  100  1.40578     15.6  +0.03   3.64
  4    0  1.02140  0.159 2.38   13.60 27.21  100  1.39685     12.6  -0.27   3.35
  5    0  1.02165  0.183 2.50   13.52 27.25  100  1.39480     12.3  -0.30   3.27
  6    0  1.02257  0.274 2.88   13.35 27.29  100  1.39088     11.5  -0.35   3.22
  7    0  1.02304  0.319 2.83   13.25 27.08  100  1.38760      8.1  -0.29   3.28
  8    1  1.02181  0.256 2.96   13.04 26.87  100  1.37810      8.6  -0.33   3.22
  9    1  1.02254  0.328 3.22   12.95 26.91  100  1.37693      9.5  -0.40   3.23
 10    1  1.02260  0.333 3.04   12.89 26.83  100  1.37520      8.8  -0.35   3.26
 11    1  1.02298  0.370 3.17   12.84 26.65  100  1.37358      8.0  -0.32   3.25
 12    1  1.02315  0.387 3.48   12.81 26.70  100  1.37310      8.8  -0.23   3.30
 13    1  1.02261  0.335 3.17   12.72 26.70  100  1.37022      7.8  -0.15   3.13
 14    1  1.02343  0.415 3.48   12.69 26.70  100  1.36988      8.5  -0.16   3.13
 15    1  1.02385  0.456 3.43   12.70 26.65  100  1.37004      8.8  -0.18   3.14
 16    1  1.02373  0.445 3.52   12.70 26.65  100  1.37009      8.2  -0.19   3.20
 17    1  1.02396  0.467 3.65   12.67 26.70  100  1.36952      7.9  -0.16   3.19
 18    1  1.02372  0.443 3.65   12.64 26.65  100  1.36857      7.7  -0.17   3.16
 19    1  1.02374  0.445 3.61   12.61 26.65  100  1.36808      8.4  -0.19   3.20
 20    1  1.02357  0.429 3.52   12.61 26.57  100  1.36803      8.4  -0.17   3.19
 21    1  1.02357  0.429 3.52   12.61 26.52  100  1.36806      8.3  -0.17   3.19
 22    1  1.02357  0.429 3.52   12.61 26.57  100  1.36804      8.2  -0.17   3.19
 23    1  1.02357  0.429 3.52   12.61 26.57  100  1.36797      8.2  -0.17   3.18
 24    1  1.02357  0.429 3.52   12.61 26.57  100  1.36796      8.2  -0.17   3.18
spearman over epochs (val training objective, val deployed cost) = -0.85; (train objective, val deployed) = -0.86; label-free selection -> ep3 |gap| 0.0889%

-- train_w5_d0.25_s1.json  (w_int=5.0, seed=1)
 ep fails dep_cost |gap|% ham  int_pen nfrac act% val_obj  g_int/g_cost g_cos soft-vs-qz
 -1    0  1.02156  0.176 1.71   14.97 27.71  100  1.43686     13.8  -0.11   3.80
  0    0  1.02123  0.143 1.75   14.80 27.67  100  1.43185     14.0  -0.06   3.76
  1    0  1.02124  0.143 1.79   14.64 27.58  100  1.42651     14.6  -0.06   3.72
  2    0  1.02087  0.108 1.75   14.37 27.29  100  1.41820     18.0  -0.01   3.73
  3    0  1.02094  0.114 2.12   13.92 27.17  100  1.40590     18.6  -0.18   3.67
  4    0  1.02183  0.202 2.62   13.36 27.12  100  1.38993     13.7  -0.38   3.46
  5    0  1.02295  0.310 3.17   13.21 27.08  100  1.38709     11.2  -0.16   3.21
  6    0  1.02275  0.292 3.00   13.37 26.96  100  1.39175     12.1  -0.16   3.38
  7    0  1.02324  0.339 3.33   13.31 26.88  100  1.39100     11.6  -0.04   3.30
  8    0  1.02404  0.418 3.67   13.22 26.92  100  1.38898      8.0  -0.13   3.22
  9    0  1.02461  0.474 3.79   13.18 26.67  100  1.38843      8.2  -0.12   3.34
 10    1  1.02431  0.457 3.78   13.01 26.52  100  1.38250      8.2  -0.15   3.26
 11    1  1.02474  0.499 3.91   12.99 26.52  100  1.38272      7.0  -0.17   3.24
 12    1  1.02488  0.513 4.04   12.93 26.57  100  1.38186      5.8  -0.29   3.32
 13    2  1.02447  0.465 4.09   12.97 26.59  100  1.38175      5.1  -0.38   3.38
 14    2  1.02547  0.563 4.00   12.91 26.59  100  1.38044      4.9  -0.37   3.26
 15    2  1.02571  0.587 4.09   12.91 26.50  100  1.38063      4.7  -0.40   3.34
 16    2  1.02604  0.620 4.32   12.89 26.50  100  1.38015      5.4  -0.41   3.32
 17    2  1.02615  0.631 4.32   12.84 26.50  100  1.37926      4.7  -0.42   3.33
 18    3  1.02423  0.469 4.00   12.59 26.29  100  1.36628      7.7  -0.42   3.28
 19    2  1.02642  0.657 4.36   12.85 26.41  100  1.38004      4.6  -0.43   3.34
 20    2  1.02585  0.601 4.23   12.87 26.45  100  1.38052      5.3  -0.43   3.37
 21    2  1.02707  0.720 4.55   12.85 26.45  100  1.38023      3.8  -0.44   3.35
 22    3  1.02448  0.493 4.10   12.61 26.43  100  1.36707      8.2  -0.42   3.29
 23    3  1.02464  0.508 4.14   12.61 26.43  100  1.36695      8.2  -0.42   3.31
 24    3  1.02464  0.508 4.14   12.61 26.43  100  1.36695      8.2  -0.42   3.31
spearman over epochs (val training objective, val deployed cost) = -0.73; (train objective, val deployed) = -0.79; label-free selection -> ep2 |gap| 0.1076%
